1.		67.6056% (48/71)
     0     0     0     0     0
     0    17     1     1     3
     0     0    13     1     2
     0     0     1     4     0
     0     1     5     8    14

   80.4225
2.		81.6901% (58/71)
     2     0     0     0     0
     0    13     0     2     2
     0     1    11     1     3
     0     0     2    12     1
     0     0     0     1    20

   78.1690
3.		84.507% (60/71)
     1     0     0     0     0
     0    23     0     2     0
     0     0    18     0     0
     0     0     0     6     0
     0     2     3     4    12

   79.2958
4.		80.2817% (57/71)
     1     0     0     0     0
     0    19     0     1     2
     0     0    15     1     4
     0     0     0     5     1
     0     2     0     3    17

mean   79.1549
5.		88.7324% (63/71)
     0     0     0     0     0
     0    22     1     0     0
     0     0    18     0     3
     0     0     0    13     0
     0     0     2     2    10

mean  79.4366